1
3
1
44
1
1
1
1
1
2
1
2
1
1
1
2
2
47
39
502
2
1
969
12
2
1
1
2
40
2
34
29
2
2
1
1
4
1
3
2
2
1
1
2
73
1
99
5
3
348
1
110
1
1
4
1
4
19
1
2
1
1
1
1
1
2
1
1
1
2
2
1
2
3
2
2
3
3
1
2
1
2
1
1
1
1
333
1
1
2
1
964
1
2
1091
2
494
129
2
7
1
7
6
4
2
1
2
3
3
4
2
2
1
3
2
1
1
2
1
1
2
1396
2556
2748
1
1
1
1
1
1
2
3
3
5
8
290
373
603
631
272
1012
885
137
114
555
1
410
418
167
156
165
9
1
617
3531
3
633
4
2434
3
3
2
1085
648
1
1616
693
671
593
616
627
592
589
555
458
350
332
301
219
155
8
2
2263
4
86
152
149
186
203
219
226
396
375
704
664
960
612
354
376
1161
388
570
559
409
532
545
422
478
437
429
427
334
286
303
319
299
275
5
2476
2018
1716
1592
1272
1386
1478
1236
605
1144
8094
5776
5405
5366
4596
3852
3287
3591
3337
2772
2535
2147
42145
35256
26856
22786
20365
12931
11686
9833
8284
6390
