10
11
83
84
85
87
88
126
127
148
149
166
168
233
237
238
249
250
284
297
336
344
345
357
358
364
375
376
401
402
419
420
421
422
424
431
432
436
437
456
457
461
486
487
488
489
492
497
498
500
501
504
511
514
532
557
566
577
585
587
600
601
603
630
635
636
637
638
645
646
654
655
656
658
666
677
678
679
698
702
703
706
707
711
712
713
714
715
726
727
728
729
730
731
732
745
749
761
765
766
768
769
780
784
785
792
808
809
810
829
830
831
834
838
841
845
846
847
848
856
860
861
866
868
869
871
872
874
875
881
882
884
887
888
890
891
892
893
894
896
897
900
901
902
903
904
906
907
908
909
910
911
914
916
917
918
919
920
921
922
923
924
925
926
927
928
929
930
931
932
933
934
935
936
937
938
940
941
942
943
944
945
949
951
952
954
957
958
959
960
961
962
963
966
967
969
970
971
972
973
974
975
976
977
978
980
981
982
983
985
986
987
988
989
990
991
992
993
994
995
996
998
999
1000
1001
1002
1003
1004
1006
1008
1009
1010
1011
1012
1013
1014
1015
1016
1017
1018
1019
1020
1021
1022
1024
1026
1027
1028
1029
1030
1031
1032
1033
1034
1035
1036
1037
1038
1039
1040
1041
1042
1043
1044
1045
1046
1047
1048
1049
1050
1051
1052
1053
1054
1055
1056
1058
1059
1060
1061
1062
1063
1064
1065
1066
1067
1068
1069
1070
1071
1074
1075
1076
1077
1078
1079
1080
1081
1082
1085
1086
1087
1088
1092
1093
1096
1097
1098
1099
1100
1101
1103
1107
1108
1109
1110
1112
1113
1114
1115
1116
1120
1121
1131
1133
1136
1140
1141
1147
1157
1158
1160
1161
1162
1163
1164
1165
1166
1168
1172
1173
1186
1187
1188
1189
1190
1191
1192
1193
1194
1195
1196
1197
1198
1199
1200
1201
1202
1203
1204
1205
1206
1207
1208
1209
1210
1211
1212
1213
1214
1215
1216
1217
1218
1219
1220
1221
1222
1223
1224
1225
1226
1227
1228
1229
1230
1231
1232
1233
1234
1235
1236
1237
1238
1239
1240
1241
1242
1243
1244
1245
1246
1247
1248
1249
1250
1251
1252
1254
1255
1256
1257
1258
1259
1260
1261
1262
1263
1264
1267
1268
1271
1272
1273
1274
1275
1276
1278
1279
1280
1281
1282
1283
1284
1285
1286
1287
1288
1289
1290
1291
1292
1293
1294
1295
1296
1297
1298
1299
1300
1301
1302
1303
1304
1305
1306
1307
1308
1309
1310
1311
1312
1313
1314
1315
1316
1317
1318
1319
1320
1321
1322
1323
1324
1325
1326
1327
1328
1329
1330
1331
1332
1335
1337
1338
1339
1340
1342
1343
1344
1345
1346
1347
1348
1349
1350
1351
1352
1353
1354
1355
1356
1357
1358
1359
1360
1361
1362
1363
1364
1365
1366
1367
1368
1369
1370
1371
1372
1373
1374
1375
1376
1377
1378
1379
1388
1391
1392
1393
1394
1395
1396
1397
1398
1399
1400
1402
1403
1404
1417
1418
1419
1420
1421
1424
1426
1427
1428
1430
1431
1432
1433
1434
1435
1436
1437
1438
1439
1440
1441
1442
1443
1444
1445
1446
1447
1448
1449
1450
1451
1452
1453
1454
1455
1456
1457
1458
1459
1460
1461
1462
1463
1464
1465
1466
1467
1468
1469
1470
1471
1472
1473
1474
1475
1476
1477
1478
1479
1480
1481
1482
1483
1484
1485
1486
1487
1488
1537
1549
1555
1556
1557
1580
1581
1587
1590
1591
1677
1698
1776
1780
1783
1784
1785
1786
1789
1790
1791
1793
1797
1799
1804
1805
1806
1807
1809
1812
1814
1815
1821
1825
1826
1828
1829
1833
1834
1835
1838
1846
1847
1848
1849
1852
1853
1856
1863
1865
1867
1868
1869
1873
1874
1882
1916
1918
1921
1922
1924
1926
1927
1928
1929
1930
1931
1932
1933
1936
1938
1939
1940
1941
1942
1943
1944
1945
1946
1947
1948
1949
1950
1951
1952
1953
1956
1958
1959
1960
1961
1962
1964
1965
1966
1967
1968
1969
1970
1972
1977
1978
1985
1989
1995
1997
1998
1999
2000
2001
2002
2003
2004
2005
2006
2007
2008
2009
2010
2011
2012
2014
2015
2016
2017
2018
2019
2020
2021
2023
2034
2035
2126
2127
2251
2252
2253
2255
2257
2259
2260
2261
2262
2263
2266
2296
2306
2310
2311
2312
2326
2327
2328
2330
2332
2334
2338
2339
2340
2341
2343
2344
2345
2347
2348
2349
2353
2354
2355
2356
2357
2358
2359
2360
2361
2362
2363
2364
2365
2367
2368
2369
2370
2371
2374
2375
2376
2377
2379
2381
2382
2383
2384
2386
2388
2390
2391
2392
2394
2395
2396
2397
2398
2400
2401
2402
2404
2405
2406
2407
2408
2409
2410
2411
2412
2413
2416
2420
2422
2428
2438
2440
2441
2442
2444
2445
2448
2450
2451
2452
2453
2454
2455
2457
2458
2464
2467
2472
2490
2500
2505
2508
2511
2514
2516
2517
2518
2519
2520
2521
2524
2525
2527
2530
2531
2533
2534
2536
2540
2541
2542
2547
2557
2558
2559
2562
2570
2571
2574
2580
2581
2585
2587
2596
2597
2598
2600
2603
2604
2610
2611
2614
2615
2622
2627
2630
2637
2638
2639
2643
2644
2645
2646
2650
2651
2656
2657
2660
2661
2666
2668
2669
2670
2671
2672
2685
2686
2691
2719
2722
2726
2743
2745
2746
2747
2752
2761
2763
2768
2770
2773
2774
2775
2780
2782
2783
2788
2793
2794
2796
2797
2800
2802
2803
2806
2809
2810
2811
2813
2814
2817
2818
2821
2822
2824
2825
2826
2827
2832
2835
2836
2837
2838
2839
2840
2841
2843
2845
2849
2850
2857
2858
2861
2866
2868
2869
2871
2872
2885
2890
2894
2899
2900
2902
2904
2905
2908
2912
2916
2921
2927
2928
2929
2938
2949
2983
2988
2990
2998
3001
3002
3005
3010
3011
3013
3018
3021
3024
3025
3026
3028
3029
3031
3032
3036
3044
3045
3052
3056
3061
3062
3063
3064
3065
3066
3067
3070
3074
3075
3076
3077
3079
3080
3081
3082
3083
3084
3085
3086
3087
3088
3089
3090
3091
3093
3099
3100
3101
3102
3105
3106
3107
3108
3111
3113
3115
3118
3119
3121
3122
3125
3128
3129
3130
3136
3137
3138
3140
3142
3143
3145
3146
3152
3153
3154
3157
3158
3164
3165
3166
3167
3168
3170
3172
3174
3182
3183
3184
3186
3187
3189
3194
3201
3202
3203
3204
3205
3206
3207
3211
3217
3218
3219
3228
3229
3230
3234
3235
3238
3239
3242
3243
3244
3247
3248
3249
3250
3254
3256
3260
3263
3264
3269
3270
3275
3276
3277
3283
3289
3291
3293
3294
3296
3300
3307
3309
3311
3316
3323
3324
3336
3339
3344
3368
3371
3372
3374
3375
3383
3385
3389
3397
3400
3403
3405
3408
3413
3414
3416
3418
3421
3424
3425
3436
3438
3444
3446
3447
3451
3456
3458
3459
3463
3466
3467
3471
3472
3474
3477
3480
3481
3489
3493
3494
3496
3499
3502
3507
3508
3509
3512
3516
3526
3542
3543
3547
3549
3553
3554
3558
3559
3563
3572
3573
3576
3580
3581
3589
3592
3595
3608
3611
3613
3626
3627
3629
3632
3640
3643
3645
3647
3649
3650
3651
3652
3656
3657
3658
3661
3662
3663
3664
3667
3674
3676
3678
3679
3685
3687
3688
3690
3697
3698
3702
3704
3711
3713
3719
3720
3721
3727
3728
3729
3730
3737
3738
3739
3740
3743
3754
3771
3773
3777
3785
3793
3798
3804
3805
3809
3811
3813
3814
3818
3819
3820
3821
3826
3832
3839
3852
3855
3860
3861
3862
3863
3866
3874
3886
3902
3910
3917
3918
3922
3932
3933
3934
3935
3936
3937
3938
3942
3947
3952
3953
3955
3956
3958
3960
3961
3964
3966
3970
3973
3974
3977
3980
3981
3983
3984
3991
3993
3997
3998
4003
4004
4005
4008
4009
4014
4015
4018
4019
4021
4022
4026
4031
4035
4038
4041
4047
4048
4052
4058
4059
4061
4062
4063
4066
4080
4081
4082
4086
4101
4102
4103
4104
4112
4121
4126
4127
4128
4131
4132
4138
4142
4143
4144
4145
4154
4162
4164
4170
4175
4176
4180
4181
4182
4183
4186
4189
4190
4218
4219
4220
4226
4227
4229
4235
4236
4238
4241
4242
4249
4258
4260
4264
4271
4272
4273
4276
4279
4281
4283
4284
4291
4294
4299
4300
4302
4304
4307
4308
4309
4310
4311
4312
4313
4314
4316
4318
4319
4320
4322
4324
4325
4326
4327
4328
4329
4335
4343
4344
4345
4346
4348
4349
4351
4357
4358
4359
4362
4363
4365
4366
4368
4369
4370
4372
4373
4374
4375
4377
4378
4379
4380
4381
4383
4384
4385
4387
4392
4393
4397
4398
4399
4400
4401
4402
4403
4404
4405
4406
4407
4408
4409
4410
4411
4412
4413
4414
4415
4416
4417
4418
4419
4420
4421
4422
4423
4424
4425
4426
4427
4428
4429
4430
4431
4432
4433
4434
4435
4436
4437
4438
4439
4440
4441
4442
4443
4444
4445
4446
4447
4448
4449
4450
4451
4452
4453
4456
4457
4458
4459
4460
4461
4462
4463
4464
4465
4466
4467
4468
4469
4470
4471
4472
4473
4474
4475
4476
4477
4478
4479
4480
4484
4485
4486
4487
4488
4489
4490
4491
4492
4493
4494
4495
4496
4497
4498
4499
4500
4501
4502
4503
4504
4505
4506
4507
4508
4509
4510
4513
4514
4515
4516
4517
4518
4519
4520
4521
4522
4523
4524
4525
4526
4527
4528
4529
4530
4531
4532
4533
4534
4535
4536
4537
4538
4539
4540
4541
4542
4543
4544
4545
4546
4547
4548
4549
4550
4551
4552
4553
4554
4555
4556
4557
4558
4559
4560
4561
4562
4563
4564
4565
4566
4567
4568
4569
4570
4571
4572
4573
4574
4575
4576
4577
4578
4579
4605
4609
6027
6090
6105
6128
6159
6197
6198
6203
6210
6211
6221
6222
6228
6231
6232
6234
6239
6243
6249
6257
6268
6272
6277
6285
6288
6291
6293
6294
6296
6299
6300
6309
6312
6313
6314
6315
6316
6317
6318
6319
6320
6321
6322
6323
6324
6325
6326
6327
6328
6329
6330
6331
6332
6333
6334
6335
6336
6337
6340
6341
6342
6343
6344
6345
6346
6347
6348
6349
6350
6351
6352
6353
6354
6355
6356
6357
6358
6359
6360
6361
6362
6363
6364
6365
6366
6367
6368
6369
6370
6371
6372
6373
6374
6375
6376
6377
6378
6379
6380
6381
6382
6383
6384
6385
6386
6387
6388
6389
6390
6391
6392
6393
6394
6395
6396
6397
6398
6399
6400
6401
6402
6403
6404
6405
6406
6407
6408
6409
6410
6411
6412
6413
6414
6415
6416
6417
6418
6419
6420
6421
6422
6423
6424
6425
6426
6427
6428
6429
6430
6431
6432
6433
6434
6435
6436
6437
6438
6439
6440
6441
6442
6443
6444
6445
6446
6447
6448
6449
6450
6451
6452
6453
6454
6455
6456
6457
6458
6459
6460
6461
6462
6463
6464
6465
6466
6467
6468
6469
6470
6471
6472
6473
6474
6475
6476
6477
6478
6479
6480
6481
6482
6483
6484
6485
6486
6487
6488
6489
6490
6491
6492
6493
6494
6495
6496
6497
6498
6499
6500
6501
6502
6503
6504
6505
6506
6507
6508
6509
6510
6511
6512
6513
6514
6515
6516
6517
6518
6519
6520
6521
6522
6523
6524
6525
6526
6527
6528
6529
6530
6531
6532
6533
6534
6535
6536
6537
6538
6539
6540
6541
6542
6543
6544
6545
6546
6547
6548
6549
6550
6551
6552
6553
6554
6555
6556
6557
6558
6559
6560
6561
6562
6563
6564
6565
6566
6567
6568
6569
6570
6571
6572
6573
6574
6575
6576
6577
6578
6579
6580
6581
6582
6583
6584
6592
6605
6621
6622
6631
6632
6634
6635
6636
6638
6640
6642
6643
6644
6645
6647
6655
6656
6657
6658
6659
6660
6661
6662
6663
6664
6665
6666
6667
6668
6669
6670
6671
6672
6673
6674
6675
6676
6677
6678
6679
6680
6681
6682
6683
6684
6685
6686
6687
6721
6725
6726
6727
6728
6729
6730
6731
6732
6733
6734
6735
6736
6737
6740
6741
6742
6743
6744
6745
6746
6747
6748
6749
6750
6751
6752
6753
6754
6755
6756
6757
6758
6760
6761
6762
6763
6764
6765
6766
6767
6768
6769
6770
6771
6772
6773
6774
6775
6776
6778
6779
6780
6781
6782
6783
6785
6804
6805
6823
6829
6833
6834
6835
6836
6837
6838
6839
6840
6843
6844
6845
6846
6847
6849
6850
6851
6852
6854
6855
6856
6857
6858
6859
6860
6861
6862
6863
6864
6865
6866
6867
6868
6869
6870
6871
6872
6873
6874
6875
6876
6877
6878
6879
6880
6881
6882
6883
6884
6885
6886
6887
6888
6889
6890
6891
6899
6900
6901
6902
6903
6904
6905
6906
6907
6909
6910
6911
6912
6913
6914
6915
6916
6917
6919
6921
6922
6933
6942
6943
6944
6945
6946
6947
6952
6954
6955
6956
6957
6958
6959
6960
6961
6962
6963
6964
6965
6966
6967
6968
6969
6970
6971
6972
6973
6974
6975
6976
6977
6978
6979
6980
6981
6982
6983
6984
6985
6986
6987
6988
6989
6990
6991
6992
6993
6994
6995
6996
6997
6998
6999
7000
7001
7002
7003
7004
7005
7006
7007
7008
7009
7010
7011
7012
7013
7014
7015
7016
7017
7018
7019
7023
7032
7033
7034
7035
7036
7037
7038
7039
7040
7041
7042
7043
7044
7045
7046
7047
7048
7049
7050
7051
7052
7053
7054
7055
7056
7057
7058
7062
7063
7066
7067
7068
7070
7072
7073
7074
7075
7077
7088
7089
7122
7124
7129
7130
7131
7132
7133
7134
7135
7136
7137
7138
7139
7140
7141
7142
7143
7144
7145
7146
7147
7148
7149
7150
7151
7152
7154
7155
7156
7157
7158
7159
7160
7161
7162
7163
7164
7165
7166
7167
7168
7170
7171
7177
7191
7192
7193
7194
7195
7196
7197
7198
7199
7200
7201
7202
7203
7204
7205
7206
7207
7208
7209
7210
7211
7212
7213
7214
7215
7216
7217
7218
7219
7220
7221
7223
7224
7225
7226
7227
7228
7229
7230
7231
7232
7233
7234
7235
7236
7237
7238
7239
7240
7241
7242
7243
7244
7245
7246
7250
7251
7252
7253
7254
7255
7256
7257
7258
7259
7260
7261
7262
7263
7264
7265
7266
7267
7268
7269
7270
7271
7272
7273
7274
7275
7276
7277
7278
7279
7280
7281
7282
7283
7284
7285
7286
7287
7288
7289
7290
7291
7292
7293
7294
7295
7296
7297
7298
7299
7300
7301
7302
7303
7304
7305
7306
7307
7308
7309
7310
7311
7312
7313
7314
7315
7316
7317
7318
7319
7320
7321
7322
7323
7324
7325
7326
7327
7328
7329
7330
7331
7332
7333
7334
7335
7336
7337
7338
7339
7340
7341
7342
7343
7344
7345
7346
7347
7348
7349
7350
7351
7352
7353
7354
7355
7356
7357
7358
7359
7360
7361
7362
7363
7364
7365
7366
7367
7368
7369
7370
7371
7372
7373
7374
7375
7376
7377
7378
7379
7380
7381
7382
7383
7384
7385
7386
7387
7388
7389
7390
7391
7392
7393
7394
7395
7396
7397
7398
7399
7400
7401
7402
7403
7404
7405
7406
7407
7408
7409
7410
7411
7412
7413
7414
7415
7416
7417
7418
7419
7420
7421
7422
7423
7424
7425
7426
7427
7428
7429
7430
7431
7432
7433
7434
7435
7436
7437
7438
7439
7440
7441
7442
7443
7444
7445
7446
7447
7448
7449
7450
7451
7452
7453
7454
7455
7456
7457
7458
7459
7460
7461
7462
7463
7464
7465
7466
7467
7468
7469
7470
7471
7472
7473
7474
7475
7476
7477
7478
7479
7480
7481
7482
7483
7484
7485
7486
7487
7488
7489
7490
7491
7492
7493
7494
7495
7496
7497
7498
7499
7500
7501
7502
7503
7504
7505
7506
7507
7508
7509
7510
7511
7512
7513
7514
7515
7516
7517
7518
7519
7520
7521
7522
7523
7524
7525
7526
7527
7528
7529
7530
7531
7532
7533
7534
7535
7536
7537
7538
7539
7540
7541
7542
7543
7544
7545
7546
7547
7548
7549
7550
7551
7552
7553
7554
7555
7556
7557
7558
7559
7560
7561
7562
7563
7564
7565
7566
7567
7568
7569
7570
7571
7572
7573
7574
7575
7576
7577
7578
7579
7580
7581
7582
7583
7584
7585
7586
7587
7588
7589
7590
7591
7592
7593
7594
7595
7596
7597
7598
7599
7600
7601
7602
7603
7604
7605
7606
7607
7608
7609
7610
7611
7612
7613
7614
7615
7616
7617
7618
7619
7620
7621
7622
7623
7624
7625
7628
7629
7631
7632
7633
7638
7640
7642
7645
7648
7649
7653
7654
7656
7657
7665
7666
7676
7683
7684
7691
7693
7695
7697
7699
7700
7703
7704
7705
7708
7712
7713
7715
7718
7727
7729
7732
7735
7736
7740
7741
7745
7750
7756
7761
7770
7773
7831
7841
7861
7871
7874
7878
7909
7911
7942
7977
8028
8121
9745
9746
9747
9769
9770
9771
9772
9785
9786
9787
9788
9789
9790
9791
9802
9803
9804
9805
9806
9807
9808
9809
9810
9811
9812
9813
9814
9815
9816
9819
9820
9821
9822
9823
9824
9825
9826
9858
9866
9874
9875
9877
9878
9879
9886
9892
9901
9903
9908
9909
9911
9912
9914
9918
9921
9926
9929
9930
9931
9934
9940
9941
9942
9943
9947
9952
9953
9954
9955
9956
9957
9959
9963
9966
9967
9968
9969
9973
9981
9988
9999
10000
10001
10003
10005
10011
10018
10021
10026
10027
10030
10031
10034
10040
10043
10049
10050
10062
10065
10069
10070
10074
10075
10078
10082
10083
10084
10085
10088
10092
10093
10095
10103
10104
10105
10106
10110
10115
10116
10117
10118
10120
10124
10133
10142
10143
10146
10148
10149
10152
10157
10164
10165
10172
10174
10176
10178
10182
10186
10191
10194
10201
10209
10210
10211
10213
10214
10229
10230
10231
10238
10243
10251
10253
10257
10263
10284
10293
10302
10306
10308
10309
10310
10316
10317
10318
10331
10337
10338
10339
10346
10351
10352
10362
10369
10374
10375
10378
10395
10396
10400
10402
10405
10417
10431
10440
10450
10454
10457
10468
10479
10480
10485
10492
10495
10507
10515
10519
10520
10521
10522
10534
10536
10537
10544
10549
10552
10555
10557
10561
10563
10565
10567
10569
10570
10571
10580
10582
10595
10598
10602
10609
10614
10615
10620
10628
10632
10633
10634
10644
10660
10661
10666
10669
10673
10678
10680
10684
10689
10696
10699
10700
10703
10710
10716
10718
10719
10720
10721
10729
10740
10748
10749
10753
10755
10764
10766
10769
10771
10772
10774
10781
10789
10797
10803
10807
10817
10820
10822
10826
10827
10832
10835
10842
10846
10847
10854
10860
10861
10865
10875
10877
10878
10880
10887
10893
10897
10902
10913
10914
10922
10925
10926
10933
10935
10936
10941
10951
10952
10955
10958
10960
10963
10981
10982
10989
10991
10992
10993
10997
11000
11001
11008
11020
11021
11027
11028
11029
11031
11033
11040
11041
11042
11043
11044
11045
11048
11056
11060
11061
11062
11063
11066
11070
11074
11075
11079
11081
11083
11085
11096
11097
11101
11103
11106
11107
11116
11117
11120
11122
11124
11125
11129
11135
11136
11141
11143
11144
11145
11147
11157
11160
11161
11162
11165
11166
11168
11169
11170
11174
11184
11188
11191
11194
11200
11201
11208
11212
11216
11220
11224
11225
11227
11229
11233
11234
11241
11242
11243
11245
11246
11247
11250
11251
11257
11258
11261
11263
11264
11269
11270
11271
11273
11278
11279
11282
11285
11287
11290
11292
11301
11302
11312
11313
11314
11319
11322
11323
11326
11328
11334
11335
11336
11337
11339
11342
11347
11349
11354
11362
11363
11370
11371
11373
11374
11376
11379
11381
11382
11390
11391
11392
11396
11397
11404
11411
11413
11415
11418
11420
11422
11423
11424
11425
11426
11428
11429
11430
11432
11435
11438
11440
11442
11444
11445
11446
11447
11448
11449
11450
11462
11469
11470
11473
11475
11476
11480
11503
11505
11507
11513
11517
11520
11522
11532
11533
11534
11537
11540
11541
11544
11545
11547
11548
11550
11552
11554
11563
11565
11566
11567
11568
11569
11571
11572
11573
11574
11575
11576
11586
11587
11592
11593
11602
11604
11605
11606
11608
11611
11612
11616
11620
11621
11625
11628
11629
11630
11632
11633
11639
11641
11643
11646
11647
11650
11651
11656
11657
11658
11659
11661
11662
11663
11665
11666
11668
11669
11673
11674
11676
11678
11685
11687
11689
11693
11694
11695
11698
11699
11700
11701
11702
11704
11705
11707
11708
11711
11712
11719
11727
11728
11729
11734
11736
11738
11744
11755
11760
11764
11768
11780
11803
11805
11808
11833
11849
11860
11867
11881
11914
11945
11964
11965
11966
11968
11969
11976
11981
11983
11992
11999
12001
12002
12004
12007
12008
12012
12017
12018
12020
12041
12044
12046
12047
12056
12057
12059
12065
12066
12069
12071
12075
12079
12087
12093
12094
12096
12097
12098
12104
12105
12107
12108
12112
12115
12117
12126
12130
12133
12134
12146
12149
12156
12166
12174
12175
12176
12182
12194
12224
12253
12255
12256
12259
12262
12267
12268
12269
12270
12274
12280
12282
12283
12288
12291
12292
12293
12294
12295
12297
12298
12299
12300
12302
12303
12304
12305
12306
12310
12315
12320
12322
12323
12326
12327
12333
12334
12338
12343
12348
12349
12351
12355
12368
12369
12370
12372
12373
12374
12377
12379
12383
12385
12386
12387
12388
12389
12390
12391
12393
12396
12397
12400
12403
12407
12408
12409
12411
12413
12414
12416
12417
12420
12427
12430
12431
12432
12434
12435
12437
12441
12444
12445
12446
12449
12452
12454
12455
12457
12458
12459
12468
12469
12471
12473
12476
12482
12485
12488
12489
12496
12497
12498
12500
12504
12510
12511
12512
12514
12515
12519
12520
12523
12527
12530
12532
12536
12538
12541
12546
12552
12554
12555
12556
12557
12560
12561
12562
12568
12574
12575
12576
12577
12578
12579
12580
12581
12582
12583
12585
12586
12587
12590
12591
12592
12593
12596
12600
12601
12603
12604
12606
12607
12610
12611
12615
12616
12618
12627
12628
12635
12638
12639
12641
12643
12645
12646
12648
12649
12650
12653
12654
12660
12661
12663
12664
12665
12667
12668
12669
12671
12675
12678
12679
12682
12683
12685
12691
12692
12693
12695
12696
12699
12700
12703
12704
12706
12707
12708
12709
12710
12711
12712
12714
12719
12722
12723
12724
12725
12726
12727
12729
12730
12731
12735
12736
12738
12739
12743
12744
12745
12746
12747
12749
12751
12752
12753
12756
12760
12762
12764
12765
12767
12768
12769
12771
12772
12773
12774
12777
12779
12781
12783
12784
12785
12787
12788
12789
12791
12792
12793
12794
12796
12805
12808
12810
12816
12817
12818
12819
12821
12822
12826
12828
12829
12831
12833
12835
12836
12837
12838
12839
12843
12846
12849
12850
12851
12852
12854
12856
12857
12858
12859
12860
12861
12862
12863
12864
12865
12868
12869
12871
12873
12876
12879
12883
12886
12888
12889
12890
12891
12892
12894
12896
12897
12900
12905
12907
12908
12910
12913
12915
12918
12919
12921
12922
12923
12925
12928
12930
12931
12932
12935
12936
12938
12940
12941
12947
12949
12951
12952
12954
12955
12956
12961
12962
12963
12964
12965
12966
12967
12968
12970
12971
12972
12973
12974
12975
12976
12977
12978
12980
12984
12985
12991
12992
12993
12999
13003
13004
13007
13008
13009
13012
13013
13017
13019
13022
13027
13031
13033
13034
13037
13046
13048
13052
13054
13057
13058
13059
13065
13071
13074
13079
13088
13096
13098
13109
13111
13113
13118
13119
13121
13122
13126
13127
13131
13133
13135
13138
13140
13144
13147
13149
13151
13159
13162
13163
13166
13172
13174
13175
13177
13179
13181
13184
13186
13189
13191
13194
13201
13203
13204
13205
13206
13207
13208
13209
13213
13214
13216
13220
13221
13223
13224
13225
13231
13232
13234
13236
13238
13239
13240
13241
13242
13248
13250
13251
13252
13253
13259
13260
13261
13267
13272
13275
13278
13279
13280
13282
13284
13285
13287
13289
13290
13292
13295
13296
13299
13300
13303
13307
13308
13309
13312
13313
13316
13317
13319
13320
13321
13322
13323
13324
13326
13327
13328
13329
13332
13333
13334
13335
13336
13337
13338
13340
13341
13342
13343
13345
13346
13347
13348
13349
13350
13351
13352
13353
13354
13355
13356
13357
13358
13359
13360
13361
13362
13363
13364
13365
13366
13367
13368
13369
13370
13371
13372
13373
13374
13375
13379
13382
13383
13384
13385
13386
13387
13388
13389
13390
13391
13392
13393
13394
13396
13397
13398
13399
13400
13401
13402
13403
13404
13405
13406
13407
13612
13618
13628
13640
13641
13647
13650
13657
13660
13662
13671
13672
13673
13678
13684
13688
13692
13693
13694
13695
13697
13701
13706
13709
13710
13720
13757
13839
13840
13845
13846
13847
13848
13852
13853
13854
13855
13856
13858
13859
13864
13865
13866
13867
13868
13870
13871
13872
13873
13874
13875
13876
13877
13878
13879
13880
13881
13882
13883
13887
13888
13889
13890
13891
13892
13894
13895
13897
13898
13899
13900
13901
13902
13903
13904
13905
13906
13907
13908
13909
13910
13911
13912
13913
13914
13915
13916
13917
13918
13919
13920
13921
13922
13923
13924
13925
13926
13927
13929
13930
13932
13933
13934
13935
13936
13937
13938
13939
13941
13942
13943
13944
13945
13946
13947
13948
13949
13950
13951
13952
13953
13954
13955
13956
13957
13958
13959
13960
13961
13962
13963
13964
13965
13966
13967
13968
13969
13970
13971
13972
13973
13974
13976
13979
13980
13981
13982
13983
13984
13985
13986
13987
13988
13989
13990
13991
13992
13993
13994
13995
13996
13997
13998
13999
14000
14001
14002
14003
14004
14005
14006
14007
14008
14009
14010
14015
14018
14020
14021
14022
14023
14024
14025
14026
14027
14028
14029
14030
14031
14032
14033
14034
14035
14036
14037
14039
14040
14041
14042
14043
14044
14045
14046
14047
14048
14049
14050
14051
14052
14053
14054
14055
14056
14057
14058
14059
14060
14061
14062
14063
14064
14065
14066
14067
14068
14069
14070
14071
14072
14073
14074
14075
14076
14077
14081
14082
14083
14086
14087
14089
14090
14092
14095
14097
14098
14100
14101
14102
14103
14104
14105
14106
14107
14108
14109
14110
14111
14112
14113
14114
14115
14116
14117
14118
14119
14120
14121
14122
14123
14124
14125
14127
14128
14129
14130
14131
14132
14133
14134
14135
14137
14138
14139
14140
14141
14142
14143
14144
14145
14146
14147
14148
14149
14150
14151
14152
14154
14155
14157
14158
14159
14160
14161
14162
14163
14166
14167
14170
14173
14176
14177
14178
14184
14185
14187
14190
14191
14192
14197
14203
14206
14208
14214
14217
14220
14225
14228
14229
14230
14236
14237
14239
14243
14244
14245
14250
14251
14252
14261
14265
14268
14269
14271
14273
14274
14280
14285
14292
14293
14295
14305
14306
14311
14312
14314
14331
14338
14343
14347
14349
14376
14382
14408
14422
14424
14746
14766
14780
14781
14782
14783
14784
14785
14786
14787
14788
14789
14790
14791
14792
14793
14794
14795
14796
14797
14798
14799
14800
14801
14802
14803
14804
14805
14806
14807
14808
14809
14810
14811
14812
14813
14814
14815
14816
14817
14818
14819
14820
14821
14822
14823
14824
14825
14826
14827
14828
14829
14830
14831
14832
14833
14834
14835
14836
14837
14838
14839
14840
14841
14842
14843
14844
14845
14846
14847
14848
14849
14850
14851
14852
14853
14854
14855
14856
14857
14858
14859
14860
14861
14862
14863
14864
14865
14866
14867
14868
14869
14870
14871
14872
14873
14874
14875
14876
14877
14878
14879
14880
14881
14882
14883
14884
14885
14886
14887
14888
14889
14890
14891
14892
14893
14894
14895
14896
14897
14898
14899
14900
14901
14902
14903
14904
14905
14906
14907
14908
14909
14910
14911
14912
14913
14914
14915
14916
14917
14918
14919
14920
14921
14922
14923
14924
14925
14926
14927
14928
14929
14930
14931
14932
14933
14934
14935
14936
14937
14938
14939
14940
14941
14942
14943
14944
14945
14946
14947
14948
14949
14950
14951
14952
14953
14954
14955
14956
14957
14958
14959
14960
14961
14962
14963
14964
14965
14966
14967
14968
14969
14970
14971
14972
14973
14974
14975
14976
14977
14978
14979
14980
14981
14982
14983
14984
14985
14986
14987
14988
14989
14990
14991
14992
14993
14994
14995
14996
14997
14998
14999
15000
15001
15002
15003
15004
15005
15006
15007
15008
15009
15010
15011
15012
15013
15014
15015
15016
15017
15018
15019
15020
15021
15022
15023
15024
15025
15026
15027
15028
15029
15030
15031
15032
15033
15034
15035
15036
15037
15038
15039
15040
15041
15043
15045
15046
15047
15048
15051
15052
15053
15054
15055
15056
15057
15058
15059
15060
15061
15062
15063
15064
15065
15066
15067
15068
15069
15070
15071
15072
15080
15112
15113
15114
15115
15127
15129
15140
15144
15149
15152
15156
15169
15171
15174
15186
15187
15191
15192
15193
15195
15206
15217
15218
15224
15234
15239
15243
15264
15271
15272
15278
15283
15291
15293
15298
15300
15302
15308
15311
15321
15323
15335
15337
15342
15345
15350
15353
15354
15357
15376
15377
15379
15384
15387
15391
15392
15408
15418
15420
15421
15424
15426
15427
15435
15440
15445
15447
15450
15465
15485
15487
15489
15490
15491
15494
15495
15501
15504
15508
15511
15512
15513
15514
15516
15519
15520
15522
15523
15524
15525
15527
15528
15530
15532
15534
15535
15536
15539
15540
15541
15542
15544
15545
15550
15553
15554
15555
15556
15564
15570
15571
15575
15577
15579
15580
15582
15583
15590
15592
15593
15597
15598
15599
15600
15606
15609
15610
15613
15617
15633
15642
15655
15663
15680
15682
15694
15695
15698
15706
15711
15713
15717
15719
15721
15723
15729
15731
15734
15735
15741
15744
15748
15749
15755
15757
15760
15762
15763
15769
15770
15774
15781
15790
15791
15792
15794
15802
15803
15805
15806
15809
15821
15824
15827
15828
15832
15833
15841
15843
15844
15845
15847
15849
15853
15856
15861
15862
15863
15864
15866
15867
15869
15870
15871
15873
15874
15875
15876
15877
15879
15880
15881
15882
15887
15888
15889
15890
15891
15892
15895
15897
15898
15900
15902
15905
15906
15907
15911
15912
15914
15915
15916
15917
15918
15919
15921
15922
15923
15924
15925
15926
15928
15929
15930
15931
15932
15934
15935
15937
15939
15941
15942
15943
15944
15945
15946
15947
15948
15949
15950
15952
15953
15954
15955
15956
15957
15958
15959
15960
15961
15962
15963
15964
15965
15966
15967
15970
15971
15972
15973
15974
15975
15976
15977
15978
15979
15980
15982
15983
15984
15985
15986
15987
15988
15989
15990
15991
15992
15993
15994
15995
15999
16003
16004
16006
16007
16008
16009
16010
16012
16013
16014
16016
16017
16018
16020
16022
16023
16024
16026
16027
16031
16033
16036
16038
16039
16040
16041
16043
16044
16046
16047
16055
16057
16058
16062
16063
16064
16066
16067
16068
16071
16072
16073
16074
16075
16076
16079
16080
16082
16084
16086
16087
16089
16090
16092
16094
16096
16099
16102
16104
16105
16108
16109
16110
16111
16112
16114
16115
16117
16118
16120
16124
16125
16126
16127
16129
16131
16132
16134
16135
16136
16137
16138
16139
16140
16141
16142
16143
16144
16146
16147
16148
16149
16150
16154
16155
16157
16158
16159
16160
16162
16163
16164
16165
16168
16172
16173
16174
16178
16180
16182
16184
16189
16190
16192
16196
16197
16198
16199
16200
16201
16202
16204
16206
16207
16208
16209
16210
16211
16216
16220
16223
16230
16232
16233
16243
16246
16254
16256
16257
16260
16262
16264
16267
16270
16271
16273
16274
16276
16277
16280
16281
16282
16285
16286
16287
16288
16290
16294
16295
16296
16298
16300
16304
16305
16306
16313
16316
16320
16325
16326
16327
16330
16336
16339
16340
16341
16342
16344
16345
16347
16352
16353
16354
16360
16365
16367
16369
16370
16371
16372
16373
16374
16375
16376
16377
16379
16381
16383
16384
16385
16386
16387
16388
16389
16390
16391
16393
16395
16397
16398
16399
16400
16401
16402
16403
16405
16406
16407
16408
16409
16411
16412
16413
16414
16415
16417
16418
16419
16420
16421
16422
16423
16424
16425
16426
16428
16430
16431
16432
16434
16435
16436
16437
16438
16439
16440
16441
16442
16443
16444
16445
16447
16450
16452
16455
16458
16460
16462
16463
16464
16466
16467
16468
16469
16470
16472
16474
16475
16476
16478
16480
16481
16482
16483
16485
16488
16489
16490
16491
16492
16493
16495
16496
16497
16500
16501
16503
16504
16505
16506
16507
16508
16509
16510
16511
16512
16513
16514
16515
16516
16517
16520
16521
16524
16526
16528
16529
16530
16532
16535
16536
16537
16538
16539
16540
16541
16542
16544
16546
16547
16549
16550
16553
16555
16556
16557
16558
16559
16560
16563
16566
16567
16569
16570
16571
16572
16576
16577
16578
16579
16580
16581
16582
16583
16584
16586
16587
16588
16589
16590
16592
16593
16595
16596
16599
16600
16601
16602
16603
16608
16609
16611
16612
16613
16615
16616
16618
16619
16620
16621
16622
16623
16624
16626
16628
16632
16633
16635
16636
16637
16640
16641
16642
16644
16647
16648
16650
16651
16657
16659
16664
16667
16670
16671
16672
16675
16676
16677
16678
16679
16680
16681
16682
16686
16688
16695
16696
16697
16698
16699
16700
16702
16703
16704
16706
16707
16708
16709
16712
16713
16714
16715
16717
16718
16720
16721
16723
16724
16725
16729
16731
16732
16734
16735
16736
16737
16738
16740
16742
16743
16744
16745
16747
16748
16749
16751
16752
16755
16758
16759
16760
16761
16762
16764
16766
16767
16769
16770
16771
16773
16774
16776
16778
16780
16781
16782
16783
16784
16786
16788
16790
16792
16793
16794
16795
16796
16799
16800
16802
16803
16804
16805
16806
16808
16809
16811
16812
16813
16815
16819
16820
16821
16822
16823
16824
16825
16826
16827
16828
16830
16831
16832
16833
16834
16836
16837
16838
16839
16840
16841
16842
16844
16845
16846
16847
16848
16849
16850
16851
16852
16854
16855
16856
16857
16858
16859
16860
16861
16862
16867
16868
16869
16870
16871
16872
16874
16878
16879
16880
16881
16882
16883
16884
16885
16886
16887
16888
16889
16890
16891
16892
16893
16894
16895
16896
16897
16898
16899
16900
16901
16902
16903
16904
16905
16906
16907
16908
16909
16910
16911
16912
16913
16914
16915
16916
16917
16918
16919
16920
16921
16922
16923
16924
16925
16926
16927
16928
16929
16930
16931
16932
16933
16934
16935
16936
16937
16938
16939
16940
16941
16943
16944
16945
16947
16950
16952
16953
16954
16955
16961
16962
16963
16966
16968
16970
16972
16974
16975
16977
16978
16981
16984
16990
16991
16999
17006
17007
17011
17014
17016
17018
17021
17022
17038
17039
17047
17049
17050
17051
17052
17053
17054
17055
17056
17057
17058
17059
17060
17061
17062
17063
17064
17065
17066
17067
17068
17069
17070
17071
17072
17073
17074
17075
17076
17077
17078
17079
17080
17081
17082
17083
17084
17085
17086
17087
17088
17089
17090
17091
17092
17093
17094
17096
17097
17098
17099
17100
17101
17102
17103
17104
17105
17106
17108
17109
17110
17111
17112
17113
17114
17115
17116
17117
17118
17119
17120
17121
17122
17123
17126
17127
17128
17129
17130
17131
17132
17133
17134
17135
17136
17137
17138
17139
17140
17142
17143
17145
17146
17147
17148
17149
17150
17151
17152
17153
17154
17155
17156
17157
17158
17159
17160
17161
17162
17163
17164
17165
17166
17167
17168
17169
17170
17171
17172
17173
17174
17175
17176
17177
17178
17179
17180
17181
17182
17183
17184
17185
17186
17187
17188
17189
17190
17191
17192
17193
17194
17195
17196
17197
17198
17199
17200
17201
17202
17203
17204
17205
17206
17207
17208
17209
17211
17212
17213
17214
17215
17217
17218
17219
17220
17221
17222
17223
17224
17225
17226
17227
17228
17229
17230
17231
17232
17233
17234
17236
17237
17238
17239
17240
17241
17242
17243
17244
17245
17246
17247
17248
17253
17259
17283
17308
17314
17324
17332
17335
17342
17419
17426
17427
17432
17462
17478
17506
17551
17569
17618
17626
17666
17677
17717
17778
17781
17825
17832
17979
17991
18004
18008
18012
18018
18020
18021
18024
18025
18031
18032
18033
18034
18035
18036
18037
18038
18039
18042
18049
18053
18054
18055
18057
18059
18060
18061
18065
18067
18068
18070
18071
18074
18075
18078
18079
18084
18085
18091
18092
18096
18097
18098
18099
18100
18106
18108
18114
18116
18117
18124
18126
18129
18130
18134
18135
18137
18138
18139
18142
18143
18150
18155
18156
18157
18159
18160
18161
18164
18165
18166
18169
18171
18172
18175
18180
18183
18184
18186
18188
18191
18192
18193
18201
18205
18206
18207
18211
18220
18221
18222
18223
18228
18230
18232
18234
18235
18242
18243
18244
18246
18248
18253
18255
18259
18260
18262
18266
18267
18268
18270
18272
18278
18280
18284
18285
18292
18295
18296
18297
18298
18303
18304
18305
18310
18313
18315
18318
18319
18322
18324
18328
18329
18335
18340
18341
18342
18343
18346
18351
18353
18357
18358
18359
18360
18363
18365
18367
18368
18369
18370
18374
18375
18376
18382
18383
18384
18385
18390
18391
18394
18395
18399
18402
18403
18404
18405
18406
18410
18411
18412
18413
18415
18416
18417
18418
18420
18426
18435
18437
18439
18440
18443
18446
18450
18451
18452
18455
18456
18459
18460
18463
18464
18466
18468
18470
18473
18476
18481
18482
18484
18485
18486
18487
18491
18497
18499
18500
18503
18506
18507
18509
18511
18514
18515
18518
18519
18522
18523
18525
18526
18528
18531
18534
18535
18536
18538
18539
18542
18543
18545
18546
18548
18549
18560
18561
18562
18565
18566
18568
18570
18571
18574
18577
18580
18586
18587
18588
18589
18591
18592
18593
18594
18596
18597
18600
18601
18603
18605
18608
18610
18612
18613
18616
18618
18619
18620
18623
18626
18627
18628
18629
18630
18631
18632
18633
18634
18635
18636
18637
18640
18645
18647
18650
18651
18652
18653
18655
18656
18657
18658
18660
18661
18662
18663
18664
18665
18666
18668
18669
18672
18675
18676
18678
18680
18681
18682
18684
18685
18686
18687
18688
18689
18690
18691
18692
18695
18696
18699
18700
18702
18703
18705
18707
18710
18712
18713
18714
18715
18717
18718
18719
18720
18722
18723
18725
18726
18729
18730
18731
18732
18733
18735
18736
18737
18738
18739
18742
18743
18744
18745
18746
18748
18749
18750
18752
18753
18754
18755
18757
18759
18761
18762
18763
18764
18765
18766
18767
18768
18769
18770
18772
18773
18775
18776
18777
18779
18781
18782
18783
18784
18785
18786
18787
18789
18790
18791
18792
18793
18794
18795
18796
18797
18799
18800
18801
18802
18804
18805
18806
18808
18809
18811
18812
18813
18814
18815
18816
18818
18819
18821
18822
18823
18826
18827
18828
18829
18830
18831
18832
18833
18834
18835
18836
18837
18839
18840
18841
18842
18844
18847
18848
18849
18850
18851
18852
18853
18856
18857
18859
18860
18861
18862
18863
18864
18865
18866
18867
18868
18869
18870
18871
18872
18874
18875
18876
18877
18878
18879
18880
18881
18882
18883
18884
18885
18887
18888
18890
18891
18892
18893
18894
18895
18896
18897
18898
18899
18900
18901
18902
18903
18904
18905
18906
18907
18908
18909
18910
18911
18912
18913
18914
18915
18916
18917
18918
18919
18920
18921
18923
18924
18925
18926
18928
18929
18930
18931
18932
18933
18936
18939
18940
18943
18947
18948
18950
18951
18952
18960
18964
18965
18966
18972
18973
18974
18975
18976
18977
18981
18986
18988
18992
18993
18994
18998
19000
19001
19004
19006
19008
19011
19014
19020
19022
19026
19027
19029
19030
19031
19032
19033
19035
19036
19037
19039
19040
19041
19043
19044
19045
19048
19050
19051
19052
19055
19058
19059
19062
19063
19065
19066
19067
19068
19069
19070
19071
19072
19073
19074
19075
19076
19077
19078
19079
19080
19081
19082
19083
19084
19086
19087
19088
19090
19091
19092
19093
19094
19095
19096
19097
19098
19099
19101
19102
19103
19104
19105
19106
19107
19108
19110
19111
19112
19113
19114
19115
19116
19117
19118
19119
19120
19121
19122
19123
19125
19126
19127
19128
19129
19130
19131
19132
19133
19134
19135
19136
19137
19138
19139
19140
19141
19142
19143
19144
19145
19146
19147
19149
19150
19151
19152
19153
19154
19155
19156
19157
19158
19159
19160
19161
19162
19163
19164
19165
19166
19167
19168
19169
19170
19171
19172
19173
19174
19175
19176
19177
19178
19179
19180
19181
19182
19183
19184
19185
19186
19187
19188
19189
19190
19191
19192
19193
19195
19197
19198
19199
19200
19201
19202
19203
19204
19205
19206
19207
19208
19209
19210
19212
19214
19215
19220
19222
19225
19226
19227
19228
19229
19230
19231
19232
19233
19234
19235
19236
19237
19238
19239
19240
19241
19242
19243
19244
19245
19246
19247
19248
19249
19250
19251
19252
19253
19254
19255
19256
19257
19258
19259
19260
19261
19262
19263
19264
19265
19266
19267
19268
19269
19270
19271
19272
19273
19274
19275
19276
19277
19278
19279
19280
19281
19282
19283
19284
19285
19286
19287
19288
19289
19290
19291
19292
19293
19294
19295
19296
19297
19298
19299
19300
19301
19302
19303
19304
19305
19306
19307
19308
19309
19310
19311
19312
19313
19314
19315
19316
